links:
  base_link:
    mass: 0.947792
    inertia: [1.652, 0.4767, -1.036, 3.029, 0.5118, 3.374] # Multiplied by 1e-9
    origin_inertial: [-0.086, 9.519E-07, 16.412]
    origin_visual: [0.0, 0.0, 0.0]
    origin_collision: [0.0, 0.0, 0.0]

  wheel_right:
    mass: 0.09205
    inertia: [93607075, -0.07983, -1.48e-7, -0.000148, -0.09614, 180200000]
    origin_inertial: [1.7398e-5, 0.000000, 5.35e-5]

  wheel_left:
    mass: 0.09205
    inertia: [93607075, -0.07983, -1.48e-7, -0.000148, -0.09614, 180200000]
    origin_inertial: [1.7398e-5, 0.000000, 5.35e-5]

  caster_front:
    mass: 0.030003
    inertia: [5.032e-06, 7.6e-10, -5.91e-10, 5.178e-06, -2.92e-10, 5.249e-06]
    origin_inertial: [0.000348, -0.003895, 0.018625]

  laser:
    mass: 0.18589
    inertia: [0.0001841, 0.0000104, -0.0001258, 0.0003627, 0.0000132, 0.0003413]
    origin_inertial: [0.0267575, 0.0021499, 0.0258840]

  imu:
    mass: 0.001 # Estimated if blank
    origin_inertial: [-0.007542, -0.0003046, -0.0102877]